299
356
308
428
305
103
643
810
725
279
162
692
649
558
841
264
495
449
195
850
716
734
254
110
508
867
475
744
438
536
608
394
569
156
625
124
65
518
113
818
975
741
807
808
950
754
619
25
335
933
400
968
927
730
978
38
354
501
135
876
391
945
173
551
98
385
47
462
881
753
46
435
366
526
562
833
744
22
543
255
297
228
65
849
431
952
645
486
252
9
314
858
996
749
748
749
925
702
339
291
175
198
87
693
160
709
317
936
620
79
598
799
988
323
143
538
15
480
153
40
680
250
819
778
535
192
183
320
665
690
863
64
137
498
868
168
910
71
110
224
824
876
974
945
629
182
888
434
14
137
34
85
148
114
968
829
91
324
871
351
724
662
71
41
46
102
247
631
74
979
127
877
230
333
854
293
2
931
859
635
588
32
367
103
383
591
833
64
590
695
405
147
90
636
66
395
460
701
689
828
507
12
549
274
900
83
298
175
857
601
767
863
143
491
907
18
829
327
782
277
32
408
325
39
282
201
303
542
583
694
972
687
193
238
786
969
803
808
852
201
868
769
676
224
843
758
839
711
965
899
906
818
935
840
611
939
256
444
288
576
852
180
302
263
920
68
46
396
819
240
326
907
289
436
121
44
712
283
907
453
183
714
213
422
272
48
939
949
601
60
774
719
96
787
400
308
491
347
336
160
446
111
558
794
4
948
54
994
384
710
998
435
885
235
640
464
271
848
64
431
267
960
937
151
907
564
574
883
600
59
110
831
566
145
722
327
694
379
134
2
554
249
59
984
706
126
52
87
252
154
474
194
826
982
348
660
914
409
168
671
33
747
878
211
362
68
44
989
833
397
199
306
336
571
804
516
273
854
831
926
741
762
422
772
279
12
605
72
898
342
427
703
673
711
145
118
900
651
266
983
872
495
389
512
774
635
840
825
559
824
886
788
442
19
911
20
428
924
263
151
536
475
38
223
981
965
548
595
101
198
59
274
716
91
583
859
792
47
455
17
221
949
789
621
28
132
631
540
471
978
830
379
357
484
539
864
599
773
36
382
715
608
151
891
661
347
496
1
924
493
199
846
991
157
466
756
556
594
932
92
130
930
381
491
850
456
390
15
865
411
42
652
898
507
409
236
238
413
258
515
452
525
407
414
611
471
342
754
672
563
848
603
140
804
937
822
779
988
985
45
479
789
730
179
770
936
448
330
229
738
84
35
580
834
683
627
370
904
145
35
742
330
73
762
46
527
765
663
161
905
446
296
262
916
1
152
389
734
580
578
565
210
410
39
347
581
755
138
941
812
422
802
337
404
277
324
300
614
742
994
961
437
195
124
661
803
295
375
175
591
32
342
973
916
70
759
663
421
4
562
82
456
24
932
638
570
433
145
293
115
269
339
169
67
952
965
683
210
775
588
618
630
593
639
420
977
682
956
369
302
192
211
866
804
27
621
560
551
55
597
901
653
856
110
48
340
765
402
73
191
117
816
322
524
660
586
256
776
904
470
12
916
95
456
79
545
613
248
605
960
811
185
757
468
684
175
32
946
389
330
627
640
672
198
51
117
127
468
608
794
345
39
191
695
116
638
981
726
641
481
897
754
351
154
147
493
542
500
436
963
248
821
705
832
798
983
339
90
776
274
496
693
576
716
984
105
95
712
76
402
842
483
653
75
227
337
223
658
672
504
854
395
891
369
477
779
559
923
697
941
346
124
72
682
150
602
104
683
172
516
294
718
331
522
548
237
703
676
613
601
231
478
133
679
602
331
327
838
530
879
234
675
156
197
859
260
709
879
642
897
236
203
973
427
858
787
219
417
333
904
116
268
440
64
148
186
215
19
978
168
761
536
831
825
230
86
570
140
222
816
694
798
451
521
27
251
240
756
17
411
436
431
708
514
517
625
53
736
196
273
753
63
356
175
778
595
344
632
504
947
847
798
339
734
837
853
641
558
446
679
873
550
352
934
414
744
720
959
945
108
591
408
810
493
139
62
443
921
230
358
309
209
297
125
687
344
540
328
206
999
587
21
158
181
99
667
28
881
590
25
143
991
777
125
849
388
46
61
205
112
276
949
67
905
983
89
339
491
351
549
455
839
673
258
917
321
529
112
120
708
141
209
245
20
607
849
209
49
611
471
598
937
739
984
387
173
999
24
900
501
939
450
939
432
947
749
716
458
985
995
920
908
342
176
455
132
154
169
213
132
572
678
551
474
897
854
721
91
204
626
15
253
991
288
87
263
301
420
31
477
296
831
399
480
946
887
241
929
686
578
