2976
59
3949
231
8999
3025
7802
6346
9125
1406
2574
494
9442
6657
1559
3962
8117
638
3402
405
8561
281
6223
1238
3807
4761
6572
278
6766
3476
7822
8812
2074
2425
9956
2210
5940
8469
9175
9850
6194
3927
577
3802
9643
9067
4918
2364
7560
1049
5925
8948
9126
8476
1703
131
7852
5737
2121
4625
5770
3439
681
2170
3106
6351
532
7255
7206
2712
6872
3055
5440
8444
8570
6727
3208
3183
2159
3294
4712
8469
4568
7228
3103
1370
5100
5631
961
9197
8369
409
5872
2833
1445
363
986
1048
7511
3205
2079
9253
2475
9261
3122
1412
8156
6087
3223
2709
8085
6542
5699
80
6248
6209
3911
6032
3922
4843
118
4766
6847
4121
818
571
5392
7985
7613
1294
7519
2769
9740
881
9086
1389
7667
8554
5779
4019
9863
1495
9080
3246
2341
9878
3221
1565
8192
8600
3625
1085
5189
9321
8394
3981
5660
3002
3156
7045
1917
453
2633
2815
4634
5391
7379
4706
4205
3767
1792
4876
644
3068
2771
576
9709
1178
3962
2486
1272
4407
4445
3920
9867
9515
5658
4465
1292
4644
3879
5354
6796
3953
1585
9586
4136
4159
9359
1136
6071
3112
4537
5867
3170
2662
4753
8837
1490
5986
1356
8052
196
8608
9694
4714
4836
5268
6791
8839
4624
575
7672
8367
6600
3578
5752
8748
639
7576
8921
3709
3736
7222
3484
8433
4898
2406
7460
4087
3744
379
1327
5958
9030
1233
5594
2671
1229
1323
8028
3741
345
5469
598
7229
690
3475
7828
9683
4185
9240
1588
7735
3534
6754
628
1792
6382
9019
4149
3477
425
6385
4974
3166
7054
7403
1545
9122
7032
4458
6191
911
8132
4951
9241
9898
5303
3383
0
409
2096
8334
1832
4365
2562
9684
7727
847
1706
5575
2720
7426
1033
2153
321
2360
6320
239
5460
9921
6180
7804
8213
3078
5172
35
8913
1377
1805
4157
5065
6901
79
6563
2053
4277
4153
6712
1426
6309
8505
2713
8635
1456
8665
622
3776
5965
4255
4043
2286
4968
8667
974
2859
7799
8115
5780
6365
7925
2081
8648
6517
6466
5935
1869
7303
6042
5328
1626
1593
1701
2533
9776
1419
4801
7690
6719
2577
7765
4936
8801
1093
5235
6924
8107
2152
5472
861
7433
7462
5184
4012
4044
9644
6796
7037
1419
5271
8147
8700
3697
5907
9785
4800
7523
1368
997
3481
2659
6036
852
621
6348
2654
203
7879
6680
8325
1333
7185
3202
5398
1958
8583
8579
7743
6260
3642
8592
7945
5308
1501
9719
9026
2110
8766
2043
4131
9523
2338
7856
6343
7537
1930
7351
7801
7867
3078
9852
8791
4479
2389
5716
672
1687
1353
278
3262
4547
9895
5761
3119
8825
4357
8048
3572
8289
3031
1794
8246
1154
1282
4578
5663
835
37
2873
3655
1282
858
7823
1239
5361
6756
5572
3156
299
2397
944
9325
8338
7576
6195
78
5708
1203
5137
7551
3990
4735
4870
5349
8800
7124
7164
3539
7242
5667
508
3863
1001
6226
8782
3348
9871
479
987
4335
9034
7358
5451
5652
4172
7935
7851
8312
9967
2286
7526
7882
4475
7285
2680
765
7067
9038
3100
9593
7442
1399
7279
7061
8173
969
2232
1532
6919
7104
9416
6894
5723
2798
9222
9576
9663
8142
1805
5374
2098
1510
9992
1074
5553
8563
4032
460
7442
8071
1434
7663
9055
7913
4454
4194
1480
6484
3785
1072
3847
3090
8933
6151
8210
6727
7803
5481
797
4159
2397
5644
4238
1771
8423
1147
6623
1702
1364
4068
9564
2778
2035
3049
442
3644
9624
1483
290
5227
9927
5858
9254
3622
7157
5302
9243
8553
3401
1918
9452
1482
4529
3339
5516
3538
5962
5502
3417
6317
5471
9917
7595
9726
1422
3553
3010
9138
7280
9868
9188
3624
3359
1122
7153
6374
9679
9890
7851
6377
4051
1027
7641
9685
2445
8852
4788
9973
361
1987
5360
2622
9451
1890
1049
7782
7833
3109
4027
3121
2948
516
5283
8093
8665
1543
8655
3195
3441
9567
4114
7822
5678
1204
5640
1430
9928
135
5345
4933
4789
8432
9016
2900
6834
2581
2189
5139
4038
42
3818
6952
6499
6158
1286
1351
9596
3047
5940
1537
3633
6874
3555
8387
1795
4993
3965
6744
4501
8212
88
760
4155
6285
4594
9985
697
5617
8323
4198
3170
9891
9098
105
4083
8739
2685
1270
1221
6682
1169
7352
9354
5049
6623
6444
9887
9378
6854
3521
9929
1731
3106
6223
6524
5806
6200
8252
908
8606
6650
5163
6976
4758
7890
6104
5709
5129
8673
6772
3780
8092
2226
786
1423
5678
6129
9707
3342
9351
9973
5089
9864
7843
2054
1338
9389
7198
1199
5168
4233
7988
9625
7907
1090
3275
3831
3927
3324
409
9310
163
4671
4264
4052
8177
6511
2442
6480
8594
6396
5595
5410
8897
7050
9963
9710
3326
9754
154
6439
2886
1582
6592
9540
8102
2034
2234
310
7527
2520
8548
1404
3633
9332
9370
7426
7524
2981
4843
1194
904
2583
8103
2158
7409
1988
7509
752
7781
528
9394
3938
4315
7192
601
1743
7480
3117
8741
6083
9972
2873
5541
63
5208
784
7711
3384
3982
9710
9296
570
9295
6951
1381
7099
6665
6804
3298
6419
6774
1041
6935
5529
1820
9390
7180
6678
4753
628
8285
748
5887
1522
8664
3707
8590
7698
3401
9192
1060
583
3008
8447
2582
7722
3304
5597
3381
1273
2496
7340
6708
2435
4917
2964
7205
1658
6056
1619
1950
8892
1777
7557
9429
4145
4205
8448
4554
1657
9837
225
5543
6778
223
447
5732
2289
850
4759
6143
1042
6249
4864
2567
3679
6530
1094
5453
640
1349
5786
6692
4314
3445
2132
9292
3234
181
6377
136
2211
6776
7881
5506
9011
7602
8070
5754
2543
5898
2499
2914
8993
1337
1501
8093
196
3756
4898
8092
4131
9724
174
9823
9110
9066
9255
9998
5411
3209
8144
5936
12
9870
2629
1178
4334
7896
2703
4852
6741
1520
8667
7554
5445
8784
1704
709
7262
8314
2565
3143
4147
9737
1916
2580
9814
2048
4862
7606
7696
415
1680
698
8136
7796
5224
113
6156
6376
628
4222
4758
1461
5511
2474
7098
2166
5814
5730
971
795
8428
3299
7116
8403
2819
7504
3818
9996
241
6782
7768
8570
1577
6621
4233
9026
349
1499
1313
6242
3286
1599
1537
9567
408
9688
8414
9825
5198
2375
4408
4299
4172
5577
3530
4275
9515
5032
4306
9626
7739
3504
3292
9553
2918
6785
8032
5920
2120
2798
3775
8222
9945
6980
537
4059
1147
8889
8065
3794
7041
9028
9802
9649
1537
242
489
8338
6312
7106
3347
5651
3490
3800
8969
564
8648
7681
9819
9580
5622
4100
8456
6920
1360
721
4194
2238
4131
9606
470
7613
2021
9722
7710
2563
3555
4520
6536
7939
6277
1285
3650
1515
8513
2540
2491
5546
1994
2423
1962
1313
6860
4943
375
6954
3517
9024
1664
7971
7580
976
5390
5642
1152
4786
3290
2361
5655
7346
6753
2274
7104
7082
1083
1692
7432
2755
3785
8020
4197
8857
4387
5152
904
660
3058
2241
7838
158
4883
8484
1254
7461
8234
1578
2707
5421
5127
1910
7436
392
2438
5938
2059
9926
9050
2586
5153
5700
4862
3973
1616
5949
6305
8363
6834
3107
3028
1539
9684
6838
632
7914
2079
3407
5644
7387
7364
5450
8913
4147
3466
4709
6344
7309
4414
4866
8962
3738
7176
2049
8105
6556
6736
4480
3002
9450
6336
2932
5782
2219
4549
4417
4282
1929
3207
6702
9045
8138
6053
9099
627
8028
1555
5258
9404
6514
4087
3084
6852
5352
640
1397
2922
6790
897
9564
7331
4045
474
4716
3061
2259
4177
355
9424
8862
7520
8059
6267
5119
5592
6732
1369
6100
3849
930
6801
2769
5237
5061
1406
9839
4082
2486
1380
1460
6930
2820
581
8701
7986
5796
8508
7461
6795
3573
5557
6627
1375
6906
422
5894
1122
9050
9712
3925
9674
4344
5902
6720
3393
87
8614
9800
3046
4689
871
7905
2161
7693
1239
8935
7105
5747
677
4308
9687
4856
6200
5682
4426
356
4975
8680
3283
1620
8198
308
9386
9024
6027
9720
3924
6164
4308
1147
2623
9722
7108
9584
5692
6234
6377
2963
3025
7545
9976
3907
7318
939
6269
5392
3191
1047
5185
6605
1360
4657
5698
1374
4700
7255
3524
2919
1755
8413
5488
6718
6547
1235
9592
3173
5454
8907
4350
2067
5062
8818
1554
2681
7762
5049
9393
9649
5095
4895
5101
711
8597
5035
2631
1472
4875
3268
1279
6884
7385
1835
8185
7785
4224
3069
644
181
9175
1504
5882
5892
9310
7510
1444
9334
3030
1191
9659
1142
8674
7591
782
9585
7095
9852
7412
8084
344
7902
8074
5450
3613
125
8046
6311
3711
9331
3878
1990
6937
4094
1376
1541
188
756
250
5498
8667
4015
1899
8900
6503
6242
1959
599
6302
2129
2332
5251
6693
8517
2074
8841
5568
9652
3894
5129
6371
5460
37
783
5135
7860
7596
3838
8924
8944
2579
6675
6006
9466
434
6630
9995
9582
866
7618
2564
6443
8435
462
5935
9717
5366
5922
1642
1763
5439
3321
4579
7798
9403
8214
2305
7934
5519
3765
5524
8562
4284
2458
2671
6791
8534
132
8048
7047
1439
1750
4580
6912
9112
3567
7170
5373
2514
3232
5023
7804
2928
5864
2049
5687
7105
3469
5108
4608
1673
9252
6880
8619
1539
8164
7350
2784
5539
7605
7501
3255
9340
3550
2987
7014
4146
8406
4835
7537
9855
9779
2492
9373
5788
4773
9626
8028
4908
4740
6318
4663
3227
5051
4126
9956
7502
9597
5880
2625
4354
5747
1880
6307
8273
2606
2873
5946
71
1689
9936
8043
5954
8560
6539
6384
496
1234
7366
1582
7663
4323
6779
3899
7742
6293
3466
7530
593
4496
6647
2887
512
4988
2573
8598
6798
849
7283
3352
2100
139
3139
5697
2359
6757
5024
2385
532
4513
6759
2637
4719
1602
1213
6619
106
6395
4768
130
3942
9663
2981
6394
8324
2509
5244
4261
6330
6260
9377
9029
4178
8188
9057
4025
9519
8142
3418
9460
1644
8791
9574
9809
9225
2822
1340
7280
1500
8536
7890
5707
356
8703
586
8860
4605
3024
3308
3053
1908
567
6065
4797
4792
5039
4481
5474
6708
7646
1743
9216
356
3285
1833
789
5535
3069
9698
9393
4298
8977
7601
7578
3607
6692
2375
4012
8715
5606
4357
9900
8039
7218
2896
8872
4952
4456
3132
8674
1141
3777
328
122
2916
8701
5846
1349
8690
3079
480
4923
9110
2707
92
5898
2203
3996
1497
3155
3077
4421
9211
3598
2936
4618
2699
7385
2014
9207
3107
2029
2107
7743
8697
3332
3104
7503
6628
9974
4161
9934
2508
1478
388
7670
199
3718
349
7913
2094
124
8976
3873
6751
7247
7824
9759
7237
2236
4475
5162
8986
3513
2378
3460
4385
9337
6546
7931
4779
705
1419
5712
8534
9855
501
4635
1801
1200
7359
3457
5414
6610
3595
7330
9332
8131
7517
6163
6508
4606
2989
636
9941
2824
4952
605
1102
891
9195
9031
204
2331
2345
7577
5707
4950
1142
8276
8722
8554
7033
8922
3639
2902
2571
9356
5596
1796
551
2494
2372
2982
3551
7468
6011
5234
3625
8607
8392
9117
4729
2611
536
8643
9192
3411
7745
8544
4853
7296
6009
5632
4210
1873
9810
6461
700
2553
6071
4062
9657
7161
9351
3515
7012
3628
5862
1490
6992
4300
5731
2115
9213
6987
6524
4233
5115
8178
2087
8274
2844
5429
825
1061
4309
3964
7231
1915
8279
4402
6250
5384
4687
9977
3511
7184
3965
7478
8051
9396
7490
7335
7266
8614
5766
1189
4062
6266
2142
8573
6866
2938
5325
927
1448
9736
8152
1083
6658
7622
6341
3703
9193
9083
6441
6049
7901
7066
9670
2178
7518
7037
8382
252
2788
2578
6975
7497
9423
8732
6111
4052
3183
5088
9642
4441
416
8450
1432
326
6357
9672
7159
7555
8482
9414
6820
5404
6862
1786
421
1585
2429
9998
3864
938
1747
329
3789
6488
6885
6685
9837
3672
7190
9586
1387
5401
1797
6821
8502
4955
6336
4206
2170
3574
8568
9596
8652
250
9599
1617
9906
8252
3188
6553
3120
5910
8441
5930
4467
866
1844
3242
9335
7447
6463
7739
5163
3044
856
5039
2077
633
8051
4879
4212
1905
885
6848
9546
4248
5659
8299
1530
4772
3702
6176
9610
5732
7001
4423
8581
5572
9873
9957
9767
7930
8149
1740
960
4115
5685
8736
7385
1633
2396
7136
7630
1628
9741
4013
7679
5747
5515
9472
3578
6483
759
1584
4259
2770
5296
5150
3100
5114
8804
774
8694
1196
5295
6019
3959
3584
5220
4081
6876
3214
1364
3768
3771
7292
1056
9659
5843
8892
6282
8485
2773
9684
6556
6427
8204
4513
2050
267
5872
2207
1276
2670
8045
4291
5647
2810
677
4555
3523
5083
2611
2217
9412
9439
7890
2229
1170
6885
4877
4319
3783
9019
6114
7864
4546
3232
1858
5465
5019
6267
1637
3127
6933
2583
5156
3309
9064
3628
4338
1679
9128
4941
6898
8915
3413
4484
1439
3243
6340
825
192
726
1198
9980
3985
5847
8739
4668
4708
7595
8692
5088
8864
204
4076
6757
2528
8050
2120
3671
5379
1141
1610
6
651
6212
3311
7125
8667
1452
9580
459
8542
6817
2457
2732
547
4267
7239
1288
5855
5285
59
9851
3848
6602
7478
7427
2861
325
5703
9628
6748
1009
8904
8461
769
7863
7508
3020
8988
3171
1126
5426
6557
2103
4027
2820
4699
930
7912
2037
5080
7405
9745
5933
2881
7017
970
9077
9704
617
3708
1923
6605
8548
6214
787
7584
9806
8291
4111
7117
8547
8980
8441
8069
6266
799
4816
6543
295
7895
5575
8944
5561
8566
7421
1564
1439
9334
4024
2949
127
5001
1745
7788
388
4667
1088
9165
2588
8494
9117
1062
2847
9305
1655
3246
965
5798
5821
2948
7003
6050
35
7354
9667
7328
4389
3560
7152
8877
4927
3906
5482
5942
2900
9424
9346
8998
256
2157
4768
6773
7529
8675
1995
71
6057
5116
3181
1386
3083
9947
5843
210
1609
2478
8705
7618
9337
4928
8983
7455
648
8506
2592
6744
5977
8691
9873
3357
1951
5566
698
3282
4696
1725
3288
850
1560
5712
2341
941
2128
1487
8959
754
54
2811
4231
1377
204
3469
8057
2953
1589
4994
5114
4696
1000
4017
426
582
1538
5152
150
6814
4752
4880
8259
2928
9188
9737
5964
9711
5679
7463
1058
3970
3608
7425
8558
4235
4557
3444
220
7438
3452
3105
7723
6349
4427
5188
7979
9603
3590
1986
8071
6110
6807
8550
61
7344
1171
4097
9121
5653
728
8353
7457
8875
6759
5147
202
3264
4967
3193
9836
7080
5825
6385
4771
7897
3970
2909
8144
9884
7094
5090
661
9049
8439
3937
9566
2718
1310
859
3729
6619
7302
262
4280
5707
6434
744
9876
7674
9586
9793
7190
6452
2355
5498
8417
249
4397
9859
921
4141
5667
399
1557
7163
1042
1536
9484
7475
7517
9019
8933
6745
9364
5271
8414
2376
2509
3705
7204
4376
6684
6490
8135
2288
8927
2819
9692
2455
1497
3142
3854
6029
9174
3772
5221
6244
3799
6081
3139
5985
5008
7981
8923
5795
5883
8917
5065
3823
8212
2925
2240
4442
7818
5741
1853
2597
7610
6589
4373
6521
8850
4939
5504
19
3558
8740
2480
3085
9832
9958
9796
7174
4513
2420
456
2807
3238
7489
3551
610
4108
4089
9772
473
8589
1045
813
4176
2446
1634
4364
1512
2082
7913
3209
104
5223
6421
7923
7600
6904
8304
4846
865
2397
2367
1883
6849
8076
1094
2583
3660
960
7126
9041
6633
7142
6654
3566
9807
1598
8518
9009
7127
4922
9546
5195
164
2396
7169
1355
4888
479
7393
7630
9932
4477
8204
7847
9242
605
5456
5534
3151
2019
580
8407
1762
1371
3816
1149
9535
4002
4325
1381
4265
7131
3684
7693
8753
538
7503
7714
1448
9589
9560
6685
1154
4268
579
1973
6734
1823
1478
7570
5628
111
6350
7364
5832
3334
6205
8481
7944
3399
8022
8800
9827
8072
4896
9064
222
617
2617
3296
9277
3496
6464
9462
396
416
8783
6462
839
6181
3743
7470
2982
8545
927
9741
5728
4230
6983
767
5432
6884
6542
7473
1188
8466
68
9420
9175
6166
9132
9859
378
3197
162
9413
2256
1036
9750
7803
1334
2757
2496
1590
8842
1376
6535
1892
9242
8556
1212
9271
9179
4987
1150
4692
3789
3025
3526
1122
6898
689
4005
2163
1042
4068
4326
2842
449
6976
3431
5269
7741
5514
5285
5372
2353
2703
3397
6643
1441
5613
8529
4154
1770
1311
9778
3167
8684
1903
4420
1076
6465
6632
3413
2718
1787
8913
5627
5742
6771
2405
4736
2747
3121
5503
1473
3282
5410
9816
1094
5921
8895
8455
3203
9462
27
525
1623
9566
6150
2401
1955
3244
5284
4443
258
3821
3958
9058
9405
9368
2925
1290
3453
8793
6325
3060
6427
2843
2005
2580
9019
9919
4498
9587
3961
7021
3210
6235
1888
7010
3451
207
7405
4330
5344
4715
9507
454
9352
2547
173
3945
1566
316
195
4982
6820
7112
5753
3352
6761
1639
7610
1993
9853
5693
3936
6591
2224
8995
2041
7719
5939
1204
6530
4333
9586
5743
1524
3422
2373
8972
2566
8607
9706
6807
9785
2843
4724
9961
281
2448
5919
1200
9038
7315
1520
5232
3955
2926
5180
2767
5828
6914
1055
4344
8222
1891
8767
1720
4928
9502
2010
1811
5198
6863
3383
4566
8355
7287
1023
8949
9047
7972
5047
876
9887
2928
7631
5525
8957
6687
4347
1123
9158
3269
4601
9865
8101
7769
1215
3085
7778
8984
9264
1577
1470
312
5963
9103
2734
6679
946
5542
2032
9143
8232
873
6418
2855
1912
5451
7470
6491
3121
5521
7590
9013
2222
4602
6806
8545
6031
8211
7933
7974
8050
9336
2169
2387
5274
1418
5576
8635
5608
4574
4151
7634
6495
6565
1143
4672
7888
8282
3181
5757
5676
4193
1889
6588
7107
2259
225
2659
7828
7696
4553
4453
1923
9645
317
3543
9377
546
5489
648
3631
244
3494
5064
4071
6510
7224
9889
8007
3909
9099
1203
2819
176
2014
9508
9026
3704
2439
8365
7466
9657
7176
8792
795
6227
8934
6809
6460
4706
9042
7746
3265
7331
2669
949
4957
4220
8682
7996
6887
3527
1036
6786
3084
2868
6590
4635
9782
2240
8114
4286
4969
3183
9557
4517
6957
8592
7352
512
2170
2497
5614
2445
6351
2606
1518
5256
7778
3791
8361
9616
1230
6313
3465
5625
5759
2366
831
7920
1246
9176
3800
9462
199
5773
9089
4043
1150
3422
7362
4140
7115
3819
9010
1118
9479
3989
3087
3355
5830
3878
8149
9566
5738
7864
591
2391
4651
5593
4356
3644
1282
8575
748
4626
8866
1494
4024
6503
7450
9217
1571
3743
2572
7812
3467
300
5386
6531
2547
5759
4091
9484
6572
8109
1339
8126
2364
5988
2807
1864
4278
8350
9824
2500
5151
7704
4707
7928
5052
8664
6645
13
6371
6997
2929
1450
8109
6607
2292
4166
2139
2505
7304
5116
875
3294
6628
2894
8687
2120
3671
8247
878
2759
8599
4474
8224
4290
7844
9384
9792
9709
7018
8841
294
3133
4597
8011
6443
2537
6985
2699
7608
328
5930
7980
7597
4012
3667
3162
3005
2190
2046
5537
7611
7930
8916
1901
4896
4434
1181
997
5875
145
6393
4320
2
7403
5062
5553
9672
8377
1443
820
3113
3865
1631
8242
4770
3311
8738
5699
6269
5656
3570
9045
4556
8005
9081
7924
9921
5847
5407
4607
3326
9
6350
8365
9311
5477
9478
7147
1377
7836
8973
7557
1041
6674
4885
3126
8902
6414
4874
8347
7881
7052
6385
7918
9750
5907
6922
4513
7730
5792
6174
9223
2459
1216
2203
982
9667
1154
6857
5413
9500
16
2417
5084
6765
8400
2067
1416
1215
8826
3312
9570
7343
4304
7299
4657
2431
7653
2654
5302
1811
7802
6790
7901
1425
382
3588
472
6886
2682
1627
8594
1906
3228
4754
1557
4940
1271
4214
841
7371
826
7434
6481
1624
1960
9273
1364
5214
7317
8706
9518
7474
3556
8857
8220
2044
1635
4751
7816
4076
4885
5917
7687
8965
6554
9363
1550
92
1975
9570
8140
5502
6236
3241
4188
562
3674
841
5852
356
8153
7775
8311
4738
9337
2179
6289
1823
5881
3722
6700
5653
2153
388
1886
5669
7110
5312
3066
2436
5571
5780
4095
5026
5062
1242
9103
7571
5171
8853
8288
2747
8778
4194
4753
8552
5238
3013
1935
6402
8790
168
2699
4941
4745
5869
677
3689
5330
5377
7227
9322
1577
6675
202
2803
989
7030
447
7396
3298
6075
1288
9762
6945
7005
6240
9338
2579
5172
5760
4023
9321
7202
6283
3775
9270
4820
809
3050
6360
9376
5621
5642
8757
9053
982
3
6919
6113
1981
5957
2096
4299
8158
3426
7623
8939
8091
798
1655
9532
9848
1745
867
6281
7446
3872
3802
1428
4148
7951
8470
3262
9807
3950
7006
7713
4031
7877
3760
2308
1878
2927
8347
6085
9612
4762
5206
5540
6286
2471
6217
1069
2901
3000
8178
7887
6136
4403
8124
4919
9937
7241
4105
7244
5346
573
6751
4397
9429
4039
1936
3528
6316
7840
245
8974
4405
7578
7631
1884
9544
4135
9808
6979
6204
4365
4025
1875
6878
8984
6014
1573
5561
4569
8755
6147
5719
5731
6865
27
9931
1269
5371
456
1840
1057
2646
2213
713
814
2200
6322
1107
9730
611
2141
92
3896
7963
862
3556
7942
6298
9418
7364
805
7018
3138
5124
9575
1325
5366
6056
8390
9147
2721
471
9112
6591
9810
5429
4734
4581
3393
6363
2044
5686
2364
5834
124
7516
3472
6532
7952
9967
9118
8276
4185
7256
3177
9604
1081
1223
3967
2974
2432
2044
2997
1442
1719
1980
2759
2391
974
983
168
1292
3324
4282
1208
4591
9815
4560
7502
9830
7479
2842
5049
2850
7781
7020
988
3869
1258
6196
7046
5156
4241
4719
4328
6548
376
8286
6290
9200
4058
359
1149
2858
4958
8374
3034
4153
3034
517
8048
4770
4902
9736
5861
9756
8860
8407
3414
3829
9782
619
8693
2197
5152
8620
7620
1796
2618
9700
5669
6743
4925
7326
6366
7237
9862
2112
8719
4444
6458
4009
4595
480
2527
4154
3902
5672
2381
2892
1991
3654
4251
6540
8964
3642
2916
5040
7622
622
3923
2389
9351
3684
8394
5601
4838
9383
4199
5664
7053
640
9475
5396
2372
6798
6224
8559
7725
9025
2353
8052
9086
5389
7068
3412
5620
9078
5294
7274
3455
8030
4557
9750
11
8828
7225
69
3391
3234
5731
8071
9993
6576
2653
4221
5823
1577
7946
8559
2935
9714
8698
3979
4408
6446
7562
6260
8978
8585
4106
5462
9137
4157
9019
9541
5950
3037
5727
8670
7569
2066
3846
678
4872
6423
9781
8381
8121
3739
2282
3246
6471
604
8271
2991
7323
5098
9906
5095
7521
5237
537
9246
9085
635
6976
6961
4934
4179
1905
5982
4381
6714
1507
1159
7242
1841
4476
7950
154
1698
1165
217
7217
1448
6381
3158
310
5179
9762
5610
1830
8288
9268
3708
8982
5538
8167
6297
9736
9904
7738
1247
3604
4853
7656
699
1571
3363
7599
387
1892
1285
774
4758
9410
7987
2544
1556
1703
6284
2934
7521
2097
5802
2125
8342
1679
5681
4151
9888
757
3553
4876
1456
9038
2967
8641
3957
666
9161
9773
721
1697
8489
8784
3140
9951
8909
6723
7422
2021
1623
1768
7824
1275
5763
8343
9281
4944
6077
2462
6534
9773
9282
5787
349
8744
9165
5260
1402
9098
2203
8190
561
2828
903
4080
7440
8888
1193
5571
8639
6905
6970
1528
5504
7681
4392
748
6231
873
7023
4220
7438
4448
9747
8891
4820
6388
6571
793
3879
609
26
2247
2256
3235
2012
1139
1746
962
8534
1256
538
6855
2285
509
5573
3098
363
5804
7255
9564
6763
5322
2163
3168
2829
4572
9109
8249
8429
9401
8052
7657
1062
6540
3165
9852
46
1535
8036
2757
9794
6437
4709
9258
4701
9430
693
1507
497
2304
5856
9258
9208
6395
8782
4913
5507
2414
6198
8050
5443
9435
7747
9651
4847
3236
5455
7971
2171
9964
6184
2521
8527
5669
742
9756
7730
8127
8851
3304
5815
2438
292
2663
1063
4086
3582
7228
5033
3284
5417
9489
4085
5964
7459
1335
1946
993
9816
4202
3088
3429
2914
3064
3823
9982
4192
2241
8775
7898
8487
6097
9274
2653
2657
32
3476
1980
4331
4314
4836
5644
3718
3173
2689
6302
1349
62
3520
7470
1637
5808
5949
156
9439
8195
6885
8591
2183
5060
4322
9702
8608
350
2097
2368
7624
1188
4241
820
478
3565
2508
2081
3763
8627
2067
4577
1351
112
865
562
6081
3680
7600
7293
3700
1
8013
689
8354
1591
8197
7794
3967
2286
1549
2015
1039
3292
6481
3753
6282
1037
2874
7071
4951
6845
9993
2151
8730
8990
2711
2075
4785
2625
8828
4218
4887
1610
602
5942
1007
4775
2770
9134
3289
5371
398
6464
2946
3042
6923
7491
310
17
6139
9258
9575
5665
9815
3034
225
4948
7057
18
4424
2981
7120
8823
2072
9714
534
6206
7322
4916
1005
3861
6813
5500
6018
1251
5926
3853
1648
658
7285
9302
3526
8451
8955
5943
1464
5381
6902
2656
1842
9817
3735
4591
1948
9929
5728
6324
4942
6970
635
672
4800
9201
3562
3600
8171
4915
6087
3158
4427
5835
8648
5620
4676
7178
9373
5972
5526
552
2554
5581
848
4063
6374
5640
4840
5449
2081
7978
6764
2201
6572
4220
8836
8747
2283
4949
5404
4218
1537
8546
8076
7984
5237
3075
551
9874
9432
8747
4686
8652
6861
8209
2635
4392
4941
7743
7840
1616
2476
7818
6063
4361
625
2169
1731
800
7145
1267
3640
7448
4683
938
8815
4780
5315
9108
8040
1126
6121
6287
6810
7988
2822
2231
1260
9940
2728
4636
5917
9838
9539
3507
8357
6316
2181
4132
9944
7434
9619
7138
6403
3985
3215
7721
76
8590
849
4798
4853
8578
3126
6794
8081
7988
8643
2130
6565
5052
8501
5820
7526
9247
8962
737
567
5415
7182
3508
6203
572
4642
5121
5053
7014
8225
4565
1693
2579
316
9249
7828
5728
4341
1514
3542
4013
7728
3392
9886
5307
7076
8562
3572
6101
3074
9393
1027
6742
1195
9758
7722
2728
4999
1392
7389
8883
3154
5990
3842
9272
4345
5928
1077
2058
8554
5371
233
1470
9503
2021
3063
4673
7097
9893
7584
9670
9797
5285
8800
4632
9157
1139
654
169
2181
8466
7372
4843
3461
9716
4243
2168
6554
8194
5404
8418
8541
254
6048
2381
3920
6838
9487
1840
3796
2058
6893
7024
1219
152
9853
2647
5569
4025
9010
5860
9932
6079
3049
8250
3974
1795
9150
6559
7937
5186
8156
5050
5505
8416
9923
4662
3468
217
3176
7362
5658
9816
6772
2199
8470
8756
8325
9499
8488
6564
6256
7482
856
3409
6091
8337
994
3318
4806
2815
1471
2886
4509
3465
9516
7737
8844
9831
969
2345
4047
7370
4619
1542
2087
7835
5007
2551
9027
3597
9162
9735
9213
5530
4536
7329
5274
8514
8362
4097
9383
3864
6248
4588
6033
4839
7891
927
1686
5617
2916
9616
9051
7294
3542
3845
3554
6165
6164
1174
3695
6206
7917
2924
7295
367
6840
4115
400
3810
1127
332
2478
9309
7078
8328
4497
7245
5408
1680
1472
8152
9091
8492
617
3595
3368
5051
5238
3575
7697
1782
4754
8901
8230
4612
5833
3558
5480
8308
153
5950
3257
3041
8958
6629
8443
7580
8385
4850
718
8993
3304
6350
1452
5476
887
1707
4134
9326
6320
6671
8042
5607
6816
215
8915
7107
8045
7651
5872
6833
602
7259
5649
9278
9688
4937
6723
4864
270
3347
813
744
9814
792
6764
625
204
5703
9372
2470
3457
4031
3011
2585
6642
105
2440
8202
2394
9978
7573
5707
6928
8955
8683
1866
5110
5381
6094
4713
2059
3591
2502
9967
3604
8151
3673
7814
6985
2293
554
6977
2195
6818
2946
978
9876
6541
1190
3146
6050
3818
4834
4004
799
157
6009
789
5629
6577
7062
1867
3125
2978
5863
6257
7326
2651
8656
6368
3358
9583
8667
6172
5915
329
104
258
8567
8837
5532
9465
7665
2355
1217
6390
7124
3157
7976
9664
1659
3383
3146
6459
2683
4769
3755
1275
2980
3463
6655
3366
525
3596
7395
5240
848
7933
9078
2460
6874
6995
6575
9802
598
2280
7714
3530
7723
577
2341
6280
4451
374
930
3497
9975
1876
1870
4478
1801
4651
7213
689
841
7623
8721
1439
323
6978
1653
7340
1868
665
3471
387
4336
395
8560
9523
4706
733
3623
8853
9331
6225
977
557
5652
6922
4048
8793
7214
2759
3157
6939
7191
5535
80
2835
8214
210
939
589
9608
6226
5774
8759
6995
704
6943
282
1704
411
3080
184
6493
8701
6973
9746
6188
6616
970
9924
5616
9316
3090
8940
608
5784
9706
8545
553
692
1863
6370
9384
4911
1884
5794
4657
2639
400
3101
993
3944
3377
6542
4943
9670
8399
6075
8018
2031
3699
6650
8745
3333
7407
189
5834
3086
1423
6281
6614
8648
8456
8364
2270
7401
7028
3261
1724
8899
3362
2381
1903
9725
2181
6226
3554
6895
1313
9531
8472
3139
4317
6712
6120
1201
3086
5778
6584
9632
8465
612
7558
84
6517
4890
8180
1493
2251
3481
5175
671
1580
1891
7757
9492
3846
5580
7214
2595
7335
6092
4927
9342
322
8210
8324
2680
2513
831
6809
7464
3865
794
5530
548
1714
848
6399
5943
3407
9817
9755
3003
3908
5740
1398
6349
2865
1587
8969
4347
6824
6973
3079
1040
4998
1007
5312
6193
3598
3351
4250
8735
1581
8710
2605
972
7842
224
866
3002
7987
1811
8719
3848
9787
9940
3806
9071
6485
1928
2756
1090
3392
5694
7043
9982
3714
517
6666
6236
3223
8817
8805
4432
2265
7944
4741
8123
4168
4534
7459
1665
3
9348
5017
4858
6202
1635
3579
4417
9997
8530
1071
8987
6852
129
966
665
2681
2859
3178
4682
3455
5782
8121
4950
2601
9
5019
1769
6794
3936
8406
7239
1461
7384
200
6064
2958
1825
4080
7719
6241
4735
7734
7457
4760
6799
8344
3051
9834
2763
1869
3300
2328
7419
6570
1136
7760
2763
3635
4738
5607
1208
7191
4501
5302
6031
7687
2914
4377
1424
8598
3961
1333
4923
341
6202
7671
5356
4103
8186
426
320
9614
5631
9699
5462
7737
1027
2581
7891
6930
1688
417
2055
483
9826
1411
212
5302
6477
6645
6720
6323
4230
5362
2441
23
9151
4367
194
2983
6797
3137
5276
5435
3658
3256
8692
4880
9977
7152
7043
9414
422
6481
7317
2884
8448
2579
7952
3976
348
8036
7805
5163
2094
7528
7559
5469
8984
9396
5356
480
3770
1271
5550
9935
2730
3994
7163
226
5944
859
904
1075
8030
4316
3706
575
5172
2945
705
9116
5329
484
213
3846
1662
7077
7671
1504
435
4833
1781
1953
5811
1795
1788
8038
2213
3562
1276
7251
4869
1620
2260
4143
6690
6925
2587
284
9279
4073
5160
7259
4989
7734
1393
2381
7622
6307
393
675
9157
9695
9558
7961
5590
5911
4739
5418
936
2890
1315
9804
319
6097
6796
315
8445
6083
8794
1684
9803
2294
8397
9904
9875
7918
7538
4445
4179
3696
8945
3658
6302
262
1082
4707
2536
8338
1425
7551
4873
1101
2862
6679
2628
7698
2887
6293
1157
8962
7523
5996
789
9042
5269
6868
7245
9630
2079
5311
9729
3240
1166
4968
6993
2065
7714
4964
3911
4295
8112
4539
6081
3101
1222
3008
6838
3571
5763
3670
4618
8366
3649
3030
6884
6317
3512
2707
4373
5747
4572
411
1332
7875
2385
7336
7060
1593
8579
3250
3205
4612
8765
7127
294
5718
8083
9813
2425
5633
4805
4251
6831
5771
7392
830
5523
6762
9521
9999
202
3
3800
4030
626
4460
6081
6591
6699
192
3490
4328
9102
7894
7274
1726
5244
6083
3568
4108
2741
9850
2511
6556
8280
5113
5616
4420
8829
2499
9075
9415
277
8101
6940
9754
7149
465
5606
758
12
2178
2037
8090
936
7188
8487
7551
1700
9590
2741
6624
4979
8393
7714
7508
460
5358
8120
8580
2746
7788
9827
1301
4766
1259
7174
512
6253
2825
890
8466
7568
2447
2982
8833
9816
7466
7644
9253
1110
94
9336
799
114
9003
413
882
962
4813
5310
956
8614
979
9233
3180
1662
3735
6447
7651
1480
1373
5671
2119
6251
497
6270
2327
8915
5641
7069
8153
7204
7315
5635
5118
1969
5425
7061
5770
2572
8556
9204
3031
2489
3434
5588
1460
4067
750
1456
4512
3591
1428
6812
9745
7471
5228
6092
3668
171
4936
8351
8688
1088
863
2041
4088
3319
4931
9529
8279
3511
6228
3223
7573
7187
5790
8981
3886
991
8355
5993
8164
2698
820
174
6192
5809
9573
4952
9182
1621
2130
4072
1195
7781
3483
2991
1908
2995
4776
6921
929
3824
1570
4615
2455
5630
844
1945
558
3230
6730
6613
9064
5708
7214
7178
9265
6505
7417
6333
399
8570
2567
6785
8275
2838
828
8764
7976
1540
383
115
4709
2903
6854
1551
7592
4510
4634
7698
1042
8070
9433
4251
2135
4261
9653
8073
8759
2492
9840
8803
8913
2917
5759
1025
6987
7574
9809
6101
4608
8368
5822
3
7019
5493
2316
4067
4198
6341
1135
7797
9641
3061
1129
5633
4559
3870
8666
5468
972
7236
8945
1916
7258
3190
5980
8859
5220
897
5645
1107
3661
9262
2438
6147
1856
614
6705
2449
8052
4543
9165
3380
2885
30
1339
4585
5033
4548
67
8545
6011
8131
2743
1947
7041
5324
4189
9040
3678
5190
9486
4990
7238
2917
751
8182
5324
2486
1677
3957
1044
6187
2965
1185
5695
3471
9300
9630
4003
6224
827
6578
3501
9236
8911
436
2278
1094
2820
2811
9168
8765
7590
7016
8935
7103
2810
6019
5014
310
3120
8133
3622
4793
2294
3236
8175
1004
3707
4481
8234
1841
6479
7124
2857
5982
8746
8124
2887
3488
213
402
5470
653
1654
3478
7422
473
3389
9423
9291
6941
4492
6964
285
5487
5475
9475
9108
4502
4401
3295
1
5487
3247
678
8964
2099
7235
2340
7673
4466
1371
8084
6521
8466
2981
3935
8656
7237
1414
9644
554
284
5576
795
3569
3683
2193
1178
6425
7300
5313
7688
3235
554
8691
1888
9827
6629
8120
2452
5951
9183
854
3897
5731
5767
9793
7591
7623
6986
2865
6036
486
920
1895
3949
9314
9461
1115
2249
6559
6736
291
590
7271
984
9209
8626
4627
8126
5688
9667
2087
9266
5346
7423
7130
9095
8580
131
4356
7165
6407
3630
4304
2420
6942
8942
4925
5212
6909
2822
8569
8247
7875
7286
7302
4901
7760
6964
1779
6863
4061
2269
5269
893
7791
3425
6482
9846
3513
1516
7992
9567
3585
1194
5029
5341
1787
3033
361
3528
3665
9283
8078
8220
410
5585
3785
5858
3007
719
1087
3417
8635
7328
6894
5538
9808
6061
8170
6768
9532
4787
4024
76
3034
5782
2956
3915
264
8031
9177
160
7471
5554
1107
644
519
9216
1196
8059
75
3441
6480
9495
6951
3849
631
4070
8150
6358
5935
9057
3904
342
233
1772
7751
8555
4702
5390
7257
8955
5432
7126
2557
2252
2178
1319
8911
3452
5550
7513
8110
1368
999
7119
543
5935
5022
2372
56
3233
7051
9262
7562
1165
9836
615
4367
9311
6620
6929
3306
3342
8274
6223
3058
6836
5628
5676
8592
6710
3686
3795
7565
1176
8894
4528
5481
5343
8364
6085
8375
1569
2025
4647
41
9190
8951
9979
7244
8261
5131
638
2915
4960
1150
4766
4264
7457
466
5291
4278
957
1081
290
2895
2898
4462
6841
745
3293
9502
3512
7683
5582
3791
1678
7423
116
9981
4979
4390
2663
5384
3587
9731
8880
4789
7512
1724
7156
6866
2988
3435
5056
2595
7720
6028
5744
1259
2919
835
3891
3202
7835
1107
1007
559
2117
3978
4972
6119
8414
9500
8150
7002
1391
2338
8397
9770
3027
4145
5740
3050
8848
9702
4153
6796
3991
3525
6980
2218
3049
8449
4186
1408
6172
5355
6027
9086
2705
6305
2619
7230
2874
889
3436
4614
1685
832
7242
2544
8212
5092
1261
4061
9718
2118
9735
2122
8793
6228
6597
3984
8640
1807
6105
402
4319
5169
7267
2022
410
2355
9867
7051
243
4454
2659
3633
1259
2936
8293
7994
1538
2122
2211
8211
973
2636
9670
7325
3223
1826
6893
1422
9745
6192
7117
1802
3956
3360
5158
3006
8409
5214
6041
389
3557
1731
703
3144
765
4680
6340
8835
3473
7801
2686
4842
5559
7419
4480
5571
41
4585
5827
6508
7416
8457
3457
1287
9837
3134
4865
7693
5789
7123
7274
4758
5604
4038
5129
6442
4469
6371
7977
1768
7436
5418
3423
8934
3356
444
3169
4454
8633
3875
3106
632
6251
7228
5665
4478
9445
7358
1876
8301
5357
4601
6611
1456
4140
3859
5527
7860
125
4429
5325
9895
3995
4888
6013
79
8920
60
3744
2067
7491
3400
8576
1031
2463
7845
7595
2306
3670
1712
790
4650
7823
4021
4989
6385
2298
7872
8709
6500
7187
1539
5610
3151
9428
1486
8360
9047
6092
4480
7735
3770
4710
5965
4509
7615
2844
8083
7194
1236
8642
3836
5798
3071
7360
1267
9635
4170
3508
540
9476
3356
2660
308
6246
5501
7679
2269
5363
3589
482
2924
2643
9696
5423
612
1310
2519
4057
1630
6844
4742
4075
9591
2458
3635
8904
6111
2765
5633
5300
9365
8667
5395
7857
8005
8594
9959
6027
3856
4996
5147
7976
4170
7135
1243
9851
7153
3608
8512
225
1962
3124
3942
223
2957
9437
8882
7340
8598
7021
6651
9416
7542
9443
4901
6756
4242
53
6521
7201
5478
6045
7872
1842
7998
5109
4590
8227
5378
1350
4319
5310
4624
5311
7342
2050
2979
9979
2907
4844
292
8373
6725
7938
7530
349
6772
4442
6606
1115
4058
9387
3437
7279
7053
9551
6117
3901
150
6781
114
3839
932
33
1131
2709
3521
7215
8997
9990
9769
972
9773
8178
7528
402
8728
6402
9607
3409
7741
7642
6476
8485
6388
137
6998
124
5993
4564
7768
3457
3727
8409
5880
5008
6275
7880
3218
2508
2704
436
2796
9607
9929
4220
3006
2338
6412
7164
88
2443
393
387
7047
8181
8302
2271
9149
428
9105
6122
2500
7071
9121
275
8676
3459
8440
4396
5844
9092
6861
901
9611
7839
883
6977
4399
3272
8135
1697
5885
7529
1917
1242
8064
3593
7149
6328
7950
2378
1620
6447
296
3440
5180
9688
1963
1847
3868
5855
6170
6860
9878
2517
8788
1621
7607
325
801
3909
352
1039
7312
9648
1025
7901
320
8983
2596
9953
6492
7900
9832
8092
8660
8605
9417
1806
2738
1569
59
6933
2885
8283
9556
1869
9967
6786
3765
6664
5197
5105
4000
2427
2175
6141
5177
9875
43
8359
7962
2709
3111
9837
2464
4324
5190
3158
4125
8043
747
5732
4354
1157
5016
5289
8444
7898
8341
5147
7420
8126
8548
1025
5953
5637
4693
3989
4964
891
1704
3803
3261
1228
5520
2082
4979
1238
7267
3431
6125
3628
25
3776
531
7177
946
9048
8941
8755
7579
2866
4319
5170
3308
3370
737
4463
8223
1628
3098
7521
3627
6638
3381
5843
8570
2810
1363
2300
9994
9891
1912
3986
5045
6650
5604
1418
3648
5241
1952
7901
5712
9603
5509
7880
3876
7098
5349
3757
2853
3024
2346
7439
81
7541
8406
8013
3850
6780
9258
7208
3018
948
2739
2002
3681
131
5907
1417
9334
9131
6963
8442
9586
6350
5864
8209
83
5524
3722
1679
962
6173
4825
2633
8944
7497
9644
8742
2013
6032
2107
1039
6349
2632
6126
4767
4996
1861
4987
2972
1763
4977
8998
7661
7692
8509
5576
3059
7534
8991
9714
6378
7929
7732
6285
2179
2392
8277
7382
6527
2766
6973
9383
6111
9109
8659
8949
7913
8156
921
1810
2732
4961
3277
6387
2011
6519
6578
6953
487
6941
6879
5217
6769
2509
4816
5368
4659
237
3550
4389
6272
3562
2285
3440
7577
2364
3179
7301
6775
8671
7824
5818
2135
4362
1792
4973
8223
3625
8226
3155
5363
9804
4265
8907
1585
4954
7435
6980
4777
5310
1678
8598
8585
4285
5978
2472
4376
154
9208
3290
5939
376
1431
9424
7601
2051
2552
1203
2302
9922
6049
6708
2807
9567
5545
7422
6108
8950
2338
7827
8453
3808
6065
8803
9207
4872
801
3592
1077
4220
1349
3437
7053
7420
4372
3531
2957
2067
9335
2679
4984
1012
966
1295
1927
2533
8176
1703
4162
563
2293
2369
7461
5142
4302
891
6759
1611
6318
8444
1946
9709
9340
845
9723
5101
2135
1979
1105
8185
1999
4125
8015
2114
4714
2997
3356
7909
7370
4627
4377
1206
1370
4521
2764
4281
7236
4235
9957
1894
5166
8731
670
4741
6274
5281
2315
1548
7115
3559
6793
7264
4075
4541
6555
3925
4434
9970
1619
5886
7560
5239
2267
3264
6976
2967
4344
884
448
9366
2490
4874
3038
1494
4490
6085
213
2283
8681
1368
880
950
8442
5944
8131
8813
5181
5765
6062
2743
6606
345
2843
6868
3812
1001
3437
1461
3929
9079
8050
7998
2130
3263
457
2525
846
4164
9567
7197
5610
9316
394
8558
9924
4866
1027
1135
2968
5576
3294
5290
9997
2852
5504
8100
8509
6048
1083
1273
3897
4709
8244
8215
6449
2197
5042
4265
855
600
2507
2080
6319
3070
9284
6890
3058
3750
4229
7584
1737
6332
6248
6128
2607
8998
8245
3201
8774
5497
4312
9932
1562
4815
1661
7514
4941
290
3101
650
7983
3743
4926
6829
7303
8326
7972
9522
3115
4365
4074
6222
7085
6170
4240
6933
5288
2952
4038
892
9979
6755
2796
6158
4219
4305
4324
2093
1866
5210
9533
5779
1078
6536
7657
9523
2663
5724
2910
784
1633
4373
4865
8984
3259
5189
9419
3690
3716
2785
3768
6541
1027
2846
80
4418
4002
5151
3714
443
3887
5550
9833
2710
138
4998
3520
3937
6060
9227
4424
7453
6548
977
8797
1132
8795
9057
8987
5822
5329
7143
8974
7973
822
787
1687
3873
9125
28
277
9283
7319
4557
4881
6214
8379
7304
3789
9200
4041
5690
6776
3945
1067
5411
7820
2808
6589
8815
7485
6731
7096
6704
8585
6087
5139
6049
5153
765
9872
2029
8297
2355
9783
7125
8012
5056
8863
9494
9847
4448
2885
9733
4689
1139
762
532
8397
5409
6170
2344
5414
5000
5447
3568
7648
8968
2196
550
9865
9638
6128
1893
8403
7417
2907
9375
3313
8431
8465
4712
5513
3617
3886
6851
1368
1533
8794
8908
5477
1314
4463
637
2155
7779
5049
1388
7348
747
4216
1432
6601
5707
3343
5489
513
1315
2721
9096
1981
4932
9136
5837
2839
4150
9434
8548
9358
4565
2758
5279
9997
9631
6747
8085
805
9001
6084
9559
6190
8439
2887
3119
9247
6622
805
4088
3215
2711
3599
5924
9644
2828
9949
4979
9513
2595
8770
9767
9402
9293
6464
6838
6272
3317
5981
4791
2413
2224
7435
6905
9735
1266
7911
7080
1736
7121
4731
118
8164
4382
2068
7053
3726
9294
7373
8066
8786
5899
378
8958
8686
4015
6056
1648
6569
9024
8279
7775
3156
1428
4326
5463
6636
7080
6109
8142
8989
7692
386
1562
9247
1527
9782
3450
9052
720
6885
767
2586
1840
188
1104
3090
9229
5706
6805
882
4026
7700
3396
4663
649
2488
977
7532
3243
7728
4377
3048
5897
7445
7008
9888
2173
7707
9866
9044
1951
3498
4277
5424
580
8319
7895
1337
9329
1831
9218
2222
8388
7648
4419
1153
6115
958
966
7088
1133
54
2076
1950
1789
7654
9587
3708
6835
9210
5212
7116
871
6712
913
2169
5739
2416
3625
4440
6884
4672
2663
797
401
8496
149
2688
8827
6860
9156
4695
9998
6749
9948
1450
8929
9487
7164
8626
1094
5824
5023
6220
1139
7508
3138
5474
5430
1642
438
9031
9350
8488
9712
5664
8566
8005
7596
3484
8934
6178
6024
9828
9827
424
7025
8840
8068
4680
8086
129
4164
1110
5526
8566
3024
7112
796
769
17
5219
5890
8296
5897
6732
9763
9474
7063
2105
7502
8887
657
1693
5566
7824
6625
464
2659
3001
8023
3070
4214
542
4422
285
5637
1727
7901
5503
4206
3845
7319
7444
5541
9672
6648
734
7558
6939
9193
6999
4097
3416
8707
4574
6907
9283
3297
5027
1294
4124
9561
2867
2866
1378
7987
7074
6094
3857
4268
1962
7903
6136
9398
7290
2717
9860
3005
1938
1366
7577
2018
6559
7363
2284
3788
1474
315
7546
5545
3449
6357
3867
5404
8993
2411
4001
2501
2791
7169
5014
4716
518
8317
693
8348
465
1863
5383
9280
2612
2508
7262
8959
4947
8702
763
6278
7675
5916
4835
2817
6241
9688
8826
4663
6882
4733
6674
5219
5609
3686
1225
8897
9290
1809
2004
7369
1288
7139
8353
8124
8077
4099
909
9822
2677
6824
2845
7949
2758
6644
2612
5597
8052
1006
29
5159
5577
1169
1519
8264
9848
5944
4553
8423
4443
909
3508
5811
3414
9523
8894
7135
7363
7143
8277
4
3052
3612
6030
4316
256
4139
210
7586
8477
642
2719
2145
7008
8207
6959
5584
8677
6106
3781
186
8250
5143
9226
32
3066
7373
7515
9429
9570
4576
9416
4514
7715
6809
2577
4595
9283
6480
8996
5783
3782
1443
8536
8081
4085
3640
4484
8804
7001
2418
9340
8792
4312
5758
9220
8257
3293
9931
4043
2135
8828
2325
7198
1014
6009
5883
593
6124
6126
159
9194
6442
8251
2947
1966
2462
9702
5437
4891
8670
9611
5947
5700
3539
7880
3671
1758
7390
2066
2971
1933
3828
3871
5093
2793
8315
4938
8027
7143
4521
7427
7832
4351
570
7012
7929
1620
7489
5492
2361
5178
4717
7042
1050
7680
7877
9481
3820
839
7095
6761
7960
6945
4552
6913
8356
8868
662
4785
7729
5539
6464
8974
4081
452
9231
3647
3383
9378
9019
7091
7818
38
3808
1125
6301
4150
8480
4409
9909
3658
2277
9766
2431
2990
1538
1835
1464
2898
979
8837
7649
3674
6681
9241
4458
7553
9254
2212
9005
8320
454
1193
8967
7231
9260
3247
2940
3012
206
4677
9175
9469
4405
4521
5220
4836
8387
2605
2373
1991
4080
6349
9464
1659
7404
7588
7088
1958
3148
6480
5667
4995
2466
8449
4842
3839
7095
8984
8110
3260
1941
6070
7521
6089
923
6028
6464
535
2864
5799
1855
9084
2179
3250
8001
3156
5789
2413
8201
4809
587
4742
2992
2496
5672
9137
9683
1233
4160
4842
772
6394
5766
4196
6117
9687
768
7428
6899
494
3322
6510
7567
3076
5469
5206
9930
5813
7733
9525
9394
7491
6466
2362
9913
4835
7411
179
2404
5275
222
9022
9432
2045
645
3178
1396
6765
2123
7511
1688
4391
8758
1779
4251
1142
6503
9250
3067
6299
414
107
1228
9470
4488
8795
5407
6031
678
3389
1453
4436
819
6266
8768
2591
3017
4215
9254
4171
3826
1506
9036
1381
1721
7992
5584
6660
5265
6280
7514
3697
9702
3095
2345
3565
7
9548
3802
7828
6991
2025
1349
992
3393
7415
1854
3307
7107
8487
111
9016
8833
9239
8575
8640
9809
3884
843
6680
736
7975
440
8667
8816
6207
7976
5648
6866
6029
4738
8670
8145
6122
1201
7057
1376
1303
7394
2796
3023
4674
4567
1517
3704
3452
6858
5864
3786
5272
1938
9331
2026
9699
9120
2916
5497
9406
9478
6295
9501
3439
2256
8273
3839
312
4697
7740
3563
8180
9042
9323
7231
2607
3861
8860
8290
7226
8802
3356
3857
1520
3967
6488
1828
8896
7640
4041
4930
8782
9842
8236
7964
5670
2224
2265
6671
3077
2550
8821
5717
487
4773
2792
4357
3108
7186
9333
4465
291
6490
8441
4934
2328
2059
8261
3899
3983
9895
2822
7739
5982
3031
6623
6162
988
1262
5402
223
4805
7345
1508
2599
9216
4874
9737
9332
8204
2351
502
6846
6655
3796
3313
6872
5498
6056
5905
1760
276
7763
3434
4122
5778
3918
228
8290
9666
7111
4814
8888
8666
7781
6014
8937
868
2354
1143
5511
1225
1757
6242
7354
8176
2178
8958
5899
7606
1994
4198
7064
6126
6748
5792
9591
4684
3111
920
4542
7257
8878
3627
469
7234
1312
8091
8306
7121
3637
6600
6868
204
2516
4337
5221
1218
7851
1296
4892
1433
9579
9162
4036
5970
3856
8490
9292
9833
7537
677
2868
2321
4350
7459
2264
5573
1748
5929
4167
7970
3123
6143
796
8001
5220
9446
682
185
9853
7632
4289
1941
2448
4106
9877
8336
1607
9553
5515
177
202
3205
2579
1105
3594
572
4180
31
2157
3461
371
6987
2425
9882
9136
5806
9342
3320
4962
7628
5008
6435
4416
9514
9260
8775
8914
6728
2591
652
5248
400
2805
5235
1622
9177
5401
6326
3314
9473
7600
7550
5874
9667
136
5244
188
9261
5151
1738
7631
3592
6419
9883
590
7427
3315
7013
5301
2811
7604
5695
3313
7740
7214
314
2986
7648
3481
6919
893
1969
5162
6997
5780
3302
7945
7870
6752
9586
1154
1275
3014
6523
8554
3960
3215
3659
1812
3401
2706
3078
1660
5828
6769
6632
4396
6177
8791
3418
2436
4629
6415
8833
6448
4111
7451
9498
586
5155
7915
5750
456
2018
5469
7538
8869
8324
6328
2298
3283
7346
5980
4793
8899
4099
6926
2047
7575
2174
6731
4844
4022
4867
9561
8256
2193
1701
7629
505
6162
118
9697
9852
2216
4034
6874
8890
5807
3908
9537
933
9328
9429
8907
9723
1123
6530
4748
278
5897
8903
1014
2690
8359
9255
4849
8635
3421
7362
3892
4864
6847
4432
539
7762
8695
3509
229
3398
4702
8568
9152
9689
4300
9565
3819
1463
2571
1793
5036
9245
3993
8053
3761
5828
4124
3814
1135
9039
6321
2333
9016
4369
4389
6593
6773
522
6659
7494
598
3197
5887
3161
504
8105
6569
9411
6151
1667
471
4950
9335
713
401
496
6795
2225
3904
1225
9129
6110
7988
4922
9905
9887
4006
5778
2408
9763
4521
7776
7073
7349
7739
4197
712
2049
186
777
865
2356
3265
5518
1811
3506
271
1884
3642
5143
1269
2753
9397
6106
4818
8667
4270
1822
2043
6249
37
7407
3463
421
6449
1781
2491
8725
1603
5559
8692
9888
8392
3326
643
4438
8715
1983
3475
6614
9987
8135
2507
7123
1415
5575
1267
566
2417
5330
3145
5897
778
9504
4996
5807
2111
659
1941
155
6059
1184
6555
6531
7684
7037
5326
7065
2176
8560
3088
4346
6191
1934
2876
2052
1019
3512
8455
3048
9931
9364
969
8421
4787
6688
1084
8515
7415
5784
6252
3870
9590
1931
9468
4553
8002
3141
5799
4286
4056
796
7636
687
453
3849
8405
8516
9699
5510
3395
4050
1511
97
1494
3424
8227
8350
5152
5326
947
2864
9346
1155
4670
9048
7560
6865
9571
5510
833
8764
7944
8956
6816
7522
360
5632
4280
5461
8282
3168
7163
7433
9993
6842
8155
4510
6741
3615
9958
8981
9920
8914
4474
2133
8773
9857
844
3950
6221
2707
3750
1883
298
9637
9400
967
4509
1788
8585
8295
2856
6023
6606
6601
4483
5769
4418
2876
7526
4594
6883
8230
4381
2141
1667
7101
5149
3744
7672
7256
2855
9051
1465
2007
8797
9621
3930
1233
7452
412
9839
316
5551
3938
8094
5926
3206
3665
5129
8841
3152
4589
9630
9923
3541
3608
2098
6525
4508
2003
3861
5088
7555
3288
3235
1436
8853
9794
665
817
2803
9835
7709
5632
1336
3935
2258
9015
6149
1018
368
4610
4684
808
4268
121
138
6812
1405
8317
3527
1498
6431
9150
8120
3557
3618
536
3120
5917
2651
421
3307
4405
5289
2771
472
3500
8405
8668
380
2554
1380
4587
9952
9977
8989
2657
572
9676
7982
5751
6475
7777
4004
4261
6809
8902
5199
9480
2862
7839
3299
8071
5283
3773
4194
2898
388
7524
8004
2534
1797
2245
5851
419
7022
4663
1726
7260
4616
4882
130
5304
3551
5691
8857
3164
4219
3415
5867
7183
6016
2733
4485
2564
1185
6133
5639
3049
8809
8753
5142
1039
1516
4751
7625
484
9962
3737
7463
9442
7391
2176
6109
225
1628
5141
8735
4881
7976
8140
8485
8395
2276
3798
1851
9661
6160
8435
3209
9733
426
8457
8288
6687
7740
8224
6663
4580
5585
1104
3673
8071
9547
631
8518
363
1148
2669
6696
3964
8848
3942
2045
2903
6718
4803
3083
3504
5000
7488
9232
7125
5629
4288
947
2750
3323
6976
1881
250
2810
497
469
7101
7341
509
6652
7631
2487
2586
4445
108
9284
4565
2373
6165
1241
4187
4025
255
3568
4481
3862
9158
5096
5885
9689
9158
4679
3714
3594
3728
6225
5853
408
4696
4733
8896
5632
1515
8358
1372
4607
4121
8089
1021
9542
1312
6884
3042
6677
1810
2555
1615
7668
7721
8808
5330
4312
1152
9836
8885
2579
2648
1489
7960
1865
1067
2897
162
138
2286
8586
9778
7460
5623
6809
6529
4586
8714
3458
4087
7747
1100
420
1204
7378
8942
3026
9465
8342
9073
4587
637
8823
1292
3099
5048
66
3613
1933
472
2982
3819
5966
1203
5624
7103
1692
9816
206
9262
5327
2015
4286
1336
5928
515
7814
4866
141
769
452
454
4415
937
6798
6622
9326
6308
4356
5422
2893
9927
6685
1225
9664
5050
2185
8792
8842
9731
4768
1892
809
4633
1314
8507
6214
6597
1646
8155
3079
9504
6046
8943
8313
271
8368
6944
2198
3527
1751
1937
3789
7582
6932
8460
5695
5738
6993
5099
6960
3269
8745
4136
5685
5612
41
4660
9676
1609
3259
23
4204
3721
9075
5089
810
337
2159
3499
6162
7846
3192
6781
1908
7164
4580
8168
2499
5491
767
4394
357
61
4037
7610
8195
5979
6704
2785
9092
6497
5996
4110
8514
869
7183
6606
3539
3625
9901
7820
7513
6194
8681
5671
2897
9283
3838
7608
3973
4317
6699
2601
4339
1528
2308
1855
3230
9192
2344
9124
6979
2892
6205
9816
5310
4177
5746
6777
4080
1473
2529
2405
5790
9207
3404
3018
760
3078
6670
5349
3083
7825
4681
6407
6458
4610
9008
691
1291
7158
1383
7694
7961
139
834
4349
6309
6409
2326
1159
1369
818
3131
8363
9130
6187
5205
199
4
348
9043
1623
1840
8835
279
8280
8378
4094
7857
3110
4478
2136
3350
4330
9849
8586
1714
2032
3652
3138
3126
815
3218
3974
2042
4592
5914
9127
4041
9571
2804
1056
2612
5073
6642
8694
8634
863
7350
2860
5976
353
2224
4801
7163
2753
7416
5059
2912
8231
1609
8253
5621
9399
1653
7159
9429
6613
2478
7634
72
5482
6910
7369
4666
6165
2397
7290
9241
7578
5433
221
2996
8833
1040
8436
5816
4602
6253
8859
9347
8469
932
2717
6894
3208
8171
5010
6842
7682
4760
3936
2801
5522
9478
6234
4232
7723
6479
9226
8662
1485
6551
8501
1152
5500
3358
2989
6228
9439
4550
606
2826
8731
2455
3424
7014
6242
8619
5310
1447
6038
475
275
1904
4157
8172
8884
3734
8934
5195
4133
7589
752
7516
9085
1635
4546
1191
7155
2514
511
3474
4779
1742
8282
5749
3088
9721
5509
9261
1827
6694
4900
2066
9679
2846
7656
59
5633
311
9533
3196
6612
3813
2772
1714
6466
5717
5371
974
3312
9818
3585
5405
936
3344
4491
8562
9742
7440
7177
8108
6960
1303
1196
6647
7614
8439
2572
2547
9777
6321
9254
6218
1396
9424
9836
1342
9041
8890
5780
4847
2531
6874
8379
726
2541
8248
6399
3169
68
9507
9696
9258
9481
7501
1110
6439
746
3671
2878
3254
4725
8622
8877
7161
7555
8644
2340
457
9064
817
9923
7523
80
5935
9303
3396
7805
182
8748
2132
1296
5933
6083
6501
2612
9862
3283
9346
694
5961
4210
8335
6799
2211
7455
1205
4105
7318
8978
1353
6281
9026
9378
4042
6361
3047
664
1453
5869
8894
8264
9043
188
1420
2970
3769
6882
1894
4376
7193
2301
5146
890
2146
1427
8535
1826
9223
7505
6380
4049
5509
5314
3798
1131
8026
8163
4108
2438
8743
4375
3920
1670
3461
8887
1218
3724
6537
3279
8849
7214
2526
6870
8608
7349
3643
3394
8236
2865
4977
9093
9710
1777
9657
4657
4354
6823
5251
3486
5615
5211
5064
341
3768
3304
8810
2712
2751
9515
6543
4875
5205
6204
7297
4858
9389
6979
9737
6443
9024
8691
4071
8663
5033
3886
1595
9381
644
8545
7657
5956
8704
851
860
4182
7476
6704
1333
5919
3895
386
5942
6460
6137
220
2894
3534
9453
1849
3227
1007
1151
8526
8337
4059
4851
1780
6319
3209
6852
2148
2250
5747
5700
8017
7296
1249
6769
8138
7889
9564
5178
3492
5309
9639
2992
5834
3768
6378
3206
9069
7670
4057
4336
9137
8979
7306
3019
3223
6025
152
9763
2154
7609
1807
732
2122
6313
5881
5795
5177
2688
6616
8764
7253
1571
2098
4765
4115
4005
3359
3285
3295
8399
7547
4970
6504
3252
4132
9050
9533
9424
7400
1850
7908
879
9503
6652
7018
353
2471
1463
8146
3440
5584
2033
6616
111
2194
3862
9818
7211
2224
8341
9607
9136
6785
9992
3845
9457
4617
8584
328
9658
1756
9860
8074
192
3
7525
9650
5314
6302
3066
3053
3613
3306
9154
1286
299
6721
2984
2956
9244
9352
5487
2299
6637
1687
7674
5465
5670
7732
9
9617
2038
5949
5974
4961
1852
2424
6066
7419
7392
4014
9924
7920
5551
232
8249
7640
6982
6207
4349
4181
3874
3227
7205
7242
5620
1164
7189
7619
5951
6041
7070
3604
7698
2620
1581
7135
7515
4392
9226
7545
8477
1950
9206
867
1261
747
8051
260
1661
3598
8245
5665
1301
6855
2403
9396
4870
1169
2747
5855
9738
7515
681
9220
1623
9064
8127
8599
150
8963
1389
8923
7524
5019
9087
7271
1776
2317
1043
352
275
7634
2970
5357
8937
7943
488
4762
6952
6103
4722
1813
3481
9893
8571
9897
1305
1819
9392
8641
9662
8232
2392
5861
3641
6637
8219
935
1978
1462
3203
2442
2571
3490
5569
2281
1850
578
4542
8812
7549
2343
7008
1335
9880
5603
9338
3599
1762
5959
7850
8783
6822
7344
7332
5685
5562
939
997
6652
4339
2027
7642
2988
3110
6811
4128
8735
7113
7375
6676
9156
7470
1816
4550
5601
6787
536
9097
8813
8620
3794
5520
1184
1762
6786
5616
7328
637
9954
1877
7273
8602
2528
143
8037
1259
7915
46
56
8822
7925
1983
3077
3319
5215
1273
6417
5874
6285
8595
6442
9985
4024
7249
7514
9893
6896
7383
3995
6273
5020
8092
5016
673
6876
970
6877
1346
5819
2089
8626
9898
3974
6205
7429
8989
5255
8524
7776
6952
5997
1885
2226
4709
7960
9504
1966
8596
7258
2082
7036
5967
526
3342
9759
1823
1254
7807
4984
1862
6669
2206
3202
1774
4532
8318
6305
4903
3749
5259
4382
6188
226
1735
371
2760
9497
5233
432
2964
7331
788
1333
1965
1577
9792
4193
9231
1331
1776
3304
2497
2605
7071
906
7342
7035
5212
4791
2748
6619
985
9817
8383
1121
2717
5776
4793
8351
4413
1009
8575
8443
9543
420
6241
4212
4756
2940
6254
83
2825
5340
4517
951
517
8280
4482
7896
2684
9089
6718
2668
6634
7987
4855
2525
2248
6527
3616
5594
1925
1624
4394
624
7866
8699
6617
7065
7703
7532
4379
5623
1133
8139
1433
693
6009
9780
1704
681
3190
6283
5175
8895
9009
9247
5266
9808
8866
1530
2962
7026
7573
1720
2619
2512
6299
1512
1075
3725
8032
5338
9216
8426
2699
479
1533
4132
9256
1165
8320
2607
6902
5917
2730
181
7262
7922
2113
4682
6993
6447
76
4399
9357
3644
8670
2421
2338
6422
295
2275
9470
3445
3899
640
2981
3530
8406
4934
9685
4165
7105
9704
636
6535
8967
8783
